image_width: 752
image_height: 480
camera_name: left
camera_matrix:
  rows: 3
  cols: 3
  data: [477.348092, 0.000000, 382.850822, 0.000000, 479.052646, 256.741499, 0.000000, 0.000000, 1.000000]
distortion_model: plumb_bob
distortion_coefficients:
  rows: 1
  cols: 5
  data: [-0.367904, 0.100277, 0.003322, -0.004399, 0.000000]
rectification_matrix:
  rows: 3
  cols: 3
  data: [0.995428, -0.006449, 0.095302, 0.006645, 0.999976, -0.001730, -0.095288, 0.002356, 0.995447]
projection_matrix:
  rows: 3
  cols: 4
  data: [450.491917, 0.000000, 326.137962, 0.000000, 0.000000, 450.491917, 252.294178, 0.000000, 0.000000, 0.000000, 1.000000, 0.000000]
