# oST version 5.0 parameters


[image]

width
752

height
480

[narrow_stereo/left]

camera matrix
477.348092 0.000000 382.850822
0.000000 479.052646 256.741499
0.000000 0.000000 1.000000

distortion
-0.367904 0.100277 0.003322 -0.004399 0.000000

rectification
0.995428 -0.006449 0.095302
0.006645 0.999976 -0.001730
-0.095288 0.002356 0.995447

projection
450.491917 0.000000 326.137962 0.000000
0.000000 450.491917 252.294178 0.000000
0.000000 0.000000 1.000000 0.000000

# oST version 5.0 parameters


[image]

width
752

height
480

[narrow_stereo/right]

camera matrix
462.519573 0.000000 369.683589
0.000000 463.876128 243.728458
0.000000 0.000000 1.000000

distortion
-0.370423 0.104728 0.001175 0.003365 0.000000

rectification
0.999358 -0.000969 0.035816
0.000895 0.999997 0.002062
-0.035818 -0.002028 0.999356

projection
450.491917 0.000000 326.137962 -44.693452
0.000000 450.491917 252.294178 0.000000
0.000000 0.000000 1.000000 0.000000

