image_width: 752
image_height: 480
camera_name: right
camera_matrix:
  rows: 3
  cols: 3
  data: [462.519573, 0.000000, 369.683589, 0.000000, 463.876128, 243.728458, 0.000000, 0.000000, 1.000000]
distortion_model: plumb_bob
distortion_coefficients:
  rows: 1
  cols: 5
  data: [-0.370423, 0.104728, 0.001175, 0.003365, 0.000000]
rectification_matrix:
  rows: 3
  cols: 3
  data: [0.999358, -0.000969, 0.035816, 0.000895, 0.999997, 0.002062, -0.035818, -0.002028, 0.999356]
projection_matrix:
  rows: 3
  cols: 4
  data: [450.491917, 0.000000, 326.137962, -44.693452, 0.000000, 450.491917, 252.294178, 0.000000, 0.000000, 0.000000, 1.000000, 0.000000]
